$ANSIBLE_VAULT;1.1;AES256
30616533343738336665333866633030376538356464363932636636323766336133356637663236
6138363932363161316162616237383361613034383630630a313266333731303961363435663765
38383136386361386133323534626131303638643436353366316337626137633865396237393239
3836313736613531610a383135396264663234366463306662366139336332623865636139303038
30666132323839313066626361323133386365633538353464343638663065336333366437366366
36373338663464623663323030373266393535313839656665313739353030643665656138333863
64636237363662346637376264356636333261373539383036356264303637363339613938636666
64373163343831663765346631643335383637313031613333653231326461373165373466333739
30363262663638316261663032626338316531343034623830393665326461393461393966643535
66353633656230326337626638366431616332656434636533346361303137303464663861303530
64386136316330653738383731633532313030393435633965623364316133643664363065643930
34633631373361626639616637346539386266393664363664396662383137343438643939356463
6630
