$ANSIBLE_VAULT;1.1;AES256
62626233623537346365343161356333643438333230643536633861626437343535663436333736
3862343466383962303934616366383764366635393632630a636363386232306334343932616337
37343238316265616636346231356135376562343037333761333837623539326664656230336261
3631313263383830320a383962343661623133373161663430366362386438303964313861653331
30373233303733646362396139373237326435643733353731353734666134366439393861396332
63636262613430383465386564376138623565366332393261393136336633626638663338323830
34353064656631383435353136313937336436366339613531333435363538383139323034333165
38616665643836366630373062356334623138663339303639353034316638366165653166323966
62343664376165376361393135343964633839363664373131663439613962353238666137333536
65346635626338333861623938303037613734393638613930386339353866386164326232616266
64336166363639393036633236316237303730653935343736346165396130633633356564623463
39376665643038343037323563643639353361653163653430353535373262373930623761303839
66396238386331653539653234373933383862366230373734393565353236303833666436613063
36373233396330353235383131333864346463313064636338353766373436323836366630313466
63366637643338643433653863663636353535613839633232376530616334393931323538356662
35623765373363316534393063623830376637633963346164613639343130613465663563393935
38633163643735396162363762326363663336393831653135343030366331316437333639633835
30626562343565643930393837363663663631646265663863333364633735663339633133343935
32373237313836656436633735663137323538326634646237363463363839643763363237393039
62373962363837663934313637356338623030356264636565643835303365633838336565386463
36373137316235633835343265303432636262363364373663303236323433396132316163326139
36306538636236313261363437383763343137343336393464353338373930623661613061316261
65626365313533613736613261303435383565313064393839363237623333623664386563386637
30333136633537313265
