$ANSIBLE_VAULT;1.1;AES256
33363230383732326532613038343065313562663165323261613035626364666464373862396238
3833623261346535613234646664363136336466343266320a346635333261666438633030336539
34366563363164366639386337366165353332626531616563393631346338333165353465663161
3131323230336633650a393661326133356538326436386461326631383233393233633435366334
37303733363233663036656666316434313436363934303631616636353463633838393164373865
30633930306564323465323539633665353461346631333738353934323938623136333866383436
32656639316137666238643235376664363037643038653330346638316631313765336663393036
39346331376463396664373037633832393037626632376266393130616239646465653734333636
65396464373364633835303339333639646635383566666436623738663337313437366364653663
34623937326639623832323566343066386637613233643664643134316166366564343064366135
63653430356666383334356532346535646538656265646430616239366530386361656239316665
37623833343461323162643166623066386565326161303333303437303136613364653333336161
31636634613865623837363535636531376565646134346566336136646463313036643630316165
63323432303435373637373333313232643365653161666566313634663433643532306334393864
37383365383632623639333037656137306630663835396338313930666631663734356232633265
65306537306566303334396537616362363136636261623765346438363335316565343530343234
62306664393736326638613635656562656564313334313139326239363865353430616266313363
64396131663837333066376263356163393830336637663439333431663731393834386435366663
35366463386235313762396261306639376431303630336465393765366262663863653439663134
64346164623561386538
