$ANSIBLE_VAULT;1.1;AES256
31643131383434396632353164643466333639343239376365363263363637313731323338316636
3834633262626631633031336235363665393462303635620a383833343361646664623633383034
63373932326437366430353239636430323639626233616434643466616139383562383262666234
6339313562363064300a646263393663626261633530386236363865366134336130306532383563
38633834616139663666323737666433353361663762343561373134636665313635373665396163
34356164666565363134363137313664623463653937343934666566646566656361373938323163
36386664636632636236366534343064336230643838626534343232616331366134626562333631
33636335396439343461626131663830653533383130616139373932376361656435653431343138
31383864346663643964383365333565613163313563623865313538663431633935343833636334
66366637353439643963383564303639646138333039316232636462343432323563663835666539
66366436353564653132356632643734646462346365363632613566393462653438363535653761
61373439656537316663666639316532363236353061323763353032386339666166343539653531
3662
