$ANSIBLE_VAULT;1.1;AES256
37386563623035616565663239316235666261396564633836636362613039306262653863383134
3431663635633066643761393036383961386165376633380a363935363161623161323133613566
36306466356561336134396638386631366139336632353764323665333562353665393864353032
6136636135666365360a353633336439333762326131623166376262303966613231626536643430
30653366343534306533343837633865343162383435333963373232343830353131313839633232
30613566303566346661323362663635393736346165633035666532336638646133353765343461
36633035613430353131306165336664633665623966373162346338306365653737313738313463
63303035393336356261306337373663643339393830343130373236636432373433333038306665
37623661666538323266386265356232356231343233643439326566316565313038343666353730
62623330666439666130363830643730323931346130333036376432303062383135386237323434
65336565333135366134386631353636623735656361663538373162646539333137393133613133
62363263343662623461666539336237346561633134636335633631656230396536353035353464
62336263336130396661356637643265666634633263336431363832373865656435626337646666
3830313830343531633936633539643266353330323762363262
