$ANSIBLE_VAULT;1.1;AES256
38343735306333636239613664313031613534386465636132323830353138346264353331326265
3062386431346165663834663365353663393262653964340a633237623265636164366439336432
37303261363831333563396236316465333031353662326462376463623631636333353162356233
3935303361616632300a356463643433333561323538623738623831363731643563646239346331
38656430363766306334346262383966383237366563666263663331386135306435666533303237
65366235366565326662663734613262653736343630623935393664393836313533643831303866
61653061396439656639393966623163356538653466623161373930656435393663643632613136
35323337623336333862653938666539303837633561376233353861643264303733643931643262
66303830646438396262626666346337623130643763333032626134383736303936306331346362
37656239303762643430353130326138663463313164626630326332326139663736613866323234
61613635386333393833303735663937653766656432623737373262616465663235303738353764
63363162393566633764386564333031326436313533313035396565626438336265366638373966
6339
